01202024 ayyo 281 102233 18708 46165 2.62 2.21 4
01202024 bved 136 24478 5262 16905 1.76 1.45 2560
01202024 incognito69 15 313 107 502 0.84 0.62 313
01202024 mncncnc 24 795 231 802 1.28 0.99 104
01202024 dreamstallion 2 2 4 6 1.00 0.43 0
01202024 you3 226 67765 13714 42233 1.93 1.60 0
01202024 dreamery 158 33330 10746 18741 2.35 1.78 4984
01202024 snipero 146 27333 7090 23120 1.49 1.18 523
01202024 sixtys 245 79693 15950 38929 2.46 2.05 7120
01202024 muichiwa 54 4317 719 2770 1.82 1.56 12075
01202024 zetoman77 1 0 0 0 1.00 1.00 535
01202024 neura 10 228 0 0 229.00 229.00 2861
01202024 spectraldragon8 36 1739 509 2191 1.03 0.79 3788
01202024 spzr 30 1328 352 1482 1.13 0.90 0
